349,0
372,1
372,3
372,0
357,1
357,3
357,0
441,1
441,3
441,0
433,1
433,3
433,0
427,1
427,3
427,0
425,1
425,3
425,0
439,1
439,3
439,0
431,1
431,3
431,0
429,1
429,3
429,0
348,1
348,3
0,369
348,0
188,1
188,3
188,0
2,7
2,11
1,5
2,8
2,18
2,21
2,17
225,1
225,3
0,361
225,0
383,6
283,1
283,3
283,0
285,1
285,3
285,0
418,1
418,3
418,0
321,1
321,3
0,367
321,0
291,1
291,3
291,0
273,1
273,3
273,0
288,1
288,3
288,0
277,1
277,3
0,366
277,0
377,1
377,3
377,0
406,1
406,3
0,371
406,0
0,444
0,411
0,445
0,413
383,1
383,3
0,514
0,370
1,1
383,0
1,6
1,3
1,0
2,1
2,12
2,3
2,0
16,1
16,3
16,0
0,9
0,310
0,305
0,365
0,364
0,387
0,308
0,304
0,303
0,302
0,307
0,512
0,12
0,348
0,10
0,314
0,8
0,0
0,409
0,300
0,325
0,299
0,420
0,298
0,443
0,297
0,405
0,296
0,438
0,295
0,404
0,294
0,332
0,293
0,389
0,292
0,421
0,291
0,419
0,290
0,399
0,289
0,398
0,288
0,418
0,287
0,388
0,286
0,417
0,285
0,416
0,284
0,568
0,283
0,569
0,282
0,437
0,281
0,567
0,280
0,397
0,279
0,278
0,565
0,277
0,395
0,276
0,394
0,275
0,564
0,274
0,544
0,273
349,3
349,1
376,3
376,1
350,3
350,1
351,3
352,0
352,3
374,0
374,3
381,0
381,1
365,0
365,1
362,0
362,1
358,0
358,1
368,3
368,1
356,3
356,1
375,3
361,0
361,3
443,0
443,3
380,0
380,3
360,0
360,1
354,0
354,1
299,0
299,1
332,3
332,1
335,3
335,1
325,3
325,1
334,3
279,0
279,3
401,0
401,3
407,0
407,1
405,0
405,1
379,0
379,1
437,3
437,1
435,3
435,1
363,3
363,1
326,3
337,0
337,3
323,0
323,3
327,0
327,1
281,0
281,1
402,0
402,1
404,0
404,1
328,3
328,1
0,301
0,306
0,312
